              precision    recall  f1-score   support

           1       1.00      1.00      1.00      4043
           3       0.97      0.98      0.97      3945
           4       0.93      1.00      0.96      4027
           5       1.00      1.00      1.00      3994
           6       1.00      0.87      0.93      3958
           7       0.92      0.91      0.92      1054
           8       0.95      1.00      0.98      3990

    accuracy                           0.97     25011
   macro avg       0.97      0.97      0.97     25011
weighted avg       0.97      0.97      0.97     25011
Accuracy: 0.964 (0.005) 
 Lowest error 0.1447368421052631
 best Thresh 0.981