              precision    recall  f1-score   support

           0       0.45      0.06      0.11       525
           1       1.00      1.00      1.00      4423
           2       0.97      0.94      0.95      6363
           3       0.96      1.00      0.98     83916
           4       1.00      1.00      1.00     28237
           5       0.97      0.88      0.93     25249
           6       0.77      0.83      0.80      1009
           7       0.96      0.96      0.96     13382
           8       0.33      0.03      0.06        64

    accuracy                           0.97    163168
   macro avg       0.82      0.74      0.75    163168
weighted avg       0.97      0.97      0.97    163168
 
 Lowest error 0.3489999999999999
 best Thresh 0.993