              precision    recall  f1-score   support

           0       0.98      0.99      0.99       195
           1       1.00      1.00      1.00       215
           2       0.97      0.98      0.98       188
           3       0.73      0.97      0.83       191
           4       1.00      1.00      1.00       204
           5       0.97      0.85      0.91       204
           6       0.99      0.68      0.81       199
           7       0.91      1.00      0.95       204

    accuracy                           0.93      1600
   macro avg       0.94      0.93      0.93      1600
weighted avg       0.95      0.93      0.93      1600
 
 Lowest error 0.236
 best Thresh 0.942