              precision    recall  f1-score   support

           0       1.00      0.97      0.99       109
           1       1.00      0.99      0.99        94
           2       0.98      0.90      0.94       112
           3       0.97      0.77      0.86        86
           5       1.00      1.00      1.00        94
           6       0.86      0.81      0.83       105
           7       0.84      1.00      0.91        92
           8       0.85      1.00      0.92       108
           9       1.00      1.00      1.00        61

    accuracy                           0.94       861
   macro avg       0.94      0.94      0.94       861
weighted avg       0.94      0.94      0.94       861
Accuracy: 0.912 (0.017) 
 Lowest error 0.38299999999999995
 best Thresh 0.981