              precision    recall  f1-score   support

           0       1.00      1.00      1.00      1020
           1       0.88      1.00      0.93      1010
           2       0.91      0.98      0.95       991
           3       1.00      1.00      1.00       969
           4       1.00      0.82      0.90      1016
           5       1.00      0.88      0.93      1005
           6       0.92      1.00      0.96       989

    accuracy                           0.95      7000
   macro avg       0.96      0.95      0.95      7000
weighted avg       0.96      0.95      0.95      7000
 
 Lowest error 0.13600000000000007
 best Thresh 0.956