              precision    recall  f1-score   support

           0       0.98      1.00      0.99       592
           1       1.00      1.00      1.00      3999
           2       0.98      0.83      0.90       237
           3       0.97      0.98      0.97      3997
           5       1.00      1.00      1.00      3994
           6       0.99      0.95      0.97      3917
           7       0.91      0.91      0.91      1034
           8       0.95      1.00      0.98      4009
           9       1.00      1.00      1.00        57

    accuracy                           0.98     21836
   macro avg       0.98      0.96      0.97     21836
weighted avg       0.98      0.98      0.98     21836
Accuracy: 0.973 (0.004) 
 Lowest error 0.33899999999999997
 best Thresh 0.988