              precision    recall  f1-score   support

           0       0.98      0.94      0.96       582
           1       1.00      1.00      1.00      4017
           2       0.98      0.82      0.89       214
           3       0.99      1.00      0.99      3988
           4       0.91      0.99      0.95      4010
           5       1.00      1.00      1.00      3941
           6       0.99      0.86      0.92      4019
           8       0.95      1.00      0.97      3988
           9       0.94      0.99      0.96        67

    accuracy                           0.97     24826
   macro avg       0.97      0.95      0.96     24826
weighted avg       0.97      0.97      0.97     24826
Accuracy: 0.966 (0.003) 
 Lowest error 0.09899999999999996
 best Thresh 0.92