              precision    recall  f1-score   support

           0       1.00      1.00      1.00      1020
           1       0.92      0.98      0.95      1010
           2       0.91      0.97      0.94       991
           3       1.00      1.00      1.00       969
           4       1.00      0.84      0.91      1016
           5       0.98      0.94      0.96      1005
           6       0.93      1.00      0.97       989

    accuracy                           0.96      7000
   macro avg       0.96      0.96      0.96      7000
weighted avg       0.96      0.96      0.96      7000
 
 Lowest error 0.09374999999999999
 best Thresh 0.887