              precision    recall  f1-score   support

           0       0.95      0.97      0.96       195
           1       0.99      0.90      0.94       215
           2       0.98      0.81      0.89       188
           3       0.86      0.94      0.90       191
           4       1.00      1.00      1.00       204
           5       0.87      0.80      0.83       204
           6       0.87      1.00      0.93       199
           7       0.92      0.98      0.95       204

    accuracy                           0.93      1600
   macro avg       0.93      0.93      0.92      1600
weighted avg       0.93      0.93      0.92      1600
 
 Lowest error 0.342
 best Thresh 0.971