              precision    recall  f1-score   support

           0       0.96      0.95      0.96       109
           1       0.99      0.99      0.99        94
           2       0.95      0.75      0.84       112
           3       0.87      0.91      0.89        86
           4       1.00      1.00      1.00        94
           5       0.94      0.75      0.84       105
           6       0.80      1.00      0.89        92
           7       0.85      0.98      0.91       108
           8       0.95      1.00      0.98        61

    accuracy                           0.92       861
   macro avg       0.92      0.93      0.92       861
weighted avg       0.92      0.92      0.92       861
 
 Lowest error 0.452
 best Thresh 0.985