              precision    recall  f1-score   support

           0       0.93      0.95      0.94       109
           1       0.99      0.99      0.99        94
           2       0.98      0.75      0.85       112
           3       0.89      0.98      0.93        86
           4       0.76      0.86      0.81        94
           5       0.98      1.00      0.99       105
           6       0.79      0.71      0.75        92
           7       0.90      0.99      0.94       108
           8       1.00      1.00      1.00        61

    accuracy                           0.91       861
   macro avg       0.91      0.91      0.91       861
weighted avg       0.91      0.91      0.91       861
 
 Lowest error 0.27
 best Thresh 0.925