              precision    recall  f1-score   support

           0       0.39      0.05      0.09       537
           1       1.00      1.00      1.00      4388
           2       0.94      0.62      0.75       232
           3       0.97      1.00      0.98     83798
           4       1.00      1.00      1.00     28246
           5       0.92      0.90      0.91     25460
           6       0.99      0.97      0.98      1029
           7       0.97      0.86      0.91     13365
           8       0.77      0.89      0.82        61

    accuracy                           0.97    157116
   macro avg       0.88      0.81      0.83    157116
weighted avg       0.96      0.97      0.96    157116
 
 Lowest error 0.251
 best Thresh 0.927