              precision    recall  f1-score   support

           0       0.94      1.00      0.97       532
           1       1.00      1.00      1.00       490
           2       0.98      0.80      0.88       491
           3       0.89      0.91      0.90       496
           4       1.00      1.00      1.00       521
           5       0.98      0.79      0.88       505
           6       0.84      1.00      0.91       494
           7       0.92      0.99      0.95       471

    accuracy                           0.94      4000
   macro avg       0.94      0.94      0.94      4000
weighted avg       0.94      0.94      0.94      4000
 
 Lowest error 0.19399999999999995
 best Thresh 0.816