              precision    recall  f1-score   support

           0       1.00      0.99      1.00       109
           1       0.86      0.91      0.89        94
           2       0.96      0.71      0.82       112
           3       0.88      0.91      0.89        86
           4       0.91      1.00      0.95        94
           5       0.91      0.59      0.72       105
           6       0.78      1.00      0.88        92
           7       0.84      1.00      0.92       108
           8       0.95      1.00      0.98        61

    accuracy                           0.89       861
   macro avg       0.90      0.90      0.89       861
weighted avg       0.90      0.89      0.89       861
 
 Lowest error 0.19399999999999998
 best Thresh 0.865