              precision    recall  f1-score   support

           0       1.00      1.00      1.00      4406
           1       0.99      0.83      0.90      6387
           2       0.97      1.00      0.98     83787
           3       1.00      1.00      1.00     28235
           4       1.00      0.85      0.92     25374
           5       0.52      0.97      0.68      1049
           6       0.90      1.00      0.95     13327

    accuracy                           0.97    162565
   macro avg       0.91      0.95      0.92    162565
weighted avg       0.97      0.97      0.97    162565
 
 Lowest error 0.23800000000000002
 best Thresh 0.949