              precision    recall  f1-score   support

           0       0.87      0.87      0.87       515
           1       1.00      1.00      1.00      4412
           2       0.98      0.57      0.73       228
           3       0.98      0.92      0.95      6290
           4       1.00      1.00      1.00     28267
           5       0.99      0.95      0.97     25157
           6       0.68      0.95      0.79      1083
           7       0.92      0.99      0.95     13589
           8       1.00      0.98      0.99        65

    accuracy                           0.97     79606
   macro avg       0.94      0.92      0.92     79606
weighted avg       0.98      0.97      0.97     79606
 
 Lowest error 0.256
 best Thresh 0.997