              precision    recall  f1-score   support

           0       0.33      0.00      0.00       534
           1       1.00      1.00      1.00      4444
           2       0.94      0.52      0.67       240
           3       0.94      0.98      0.96      6285
           4       0.96      1.00      0.98     83667
           5       1.00      0.99      1.00     28308
           6       0.99      0.91      0.95     25421
           7       0.96      0.69      0.81      1000
           8       0.00      0.00      0.00        67

    accuracy                           0.97    149966
   macro avg       0.79      0.68      0.71    149966
weighted avg       0.97      0.97      0.97    149966
 
 Lowest error 0.33099999999999996
 best Thresh 0.998