              precision    recall  f1-score   support

           0       0.93      0.97      0.95       199
           1       1.00      1.00      1.00       216
           2       0.99      0.92      0.95       181
           3       0.95      0.87      0.91       184
           4       0.82      0.91      0.86       196
           5       1.00      1.00      1.00       218
           6       0.95      0.75      0.84       187
           7       0.90      1.00      0.95       210
           8       0.92      1.00      0.96       209

    accuracy                           0.94      1800
   macro avg       0.94      0.93      0.93      1800
weighted avg       0.94      0.94      0.94      1800
 
 Lowest error 0.21710526315789472
 best Thresh 0.637