              precision    recall  f1-score   support

           0       0.00      0.00      0.00       546
           1       1.00      0.26      0.42      4445
           2       0.97      0.48      0.65       230
           3       0.99      0.79      0.88      6325
           4       0.76      1.00      0.86     83707
           5       0.99      0.74      0.85     25520
           6       0.00      0.00      0.00      1057
           7       0.00      0.00      0.00     13291
           8       0.00      0.00      0.00        57

    accuracy                           0.80    135178
   macro avg       0.52      0.36      0.41    135178
weighted avg       0.74      0.80      0.75    135178
 
 Lowest error 0.4
 best Thresh 0.977