              precision    recall  f1-score   support

           0       0.93      0.95      0.94       109
           1       0.99      0.99      0.99        94
           2       0.98      0.84      0.90       112
           3       0.96      0.77      0.85        86
           4       0.83      0.90      0.86        94
           5       0.99      1.00      1.00       105
           6       0.87      0.89      0.88        92
           7       0.86      1.00      0.92       108
           9       1.00      1.00      1.00        61

    accuracy                           0.93       861
   macro avg       0.93      0.93      0.93       861
weighted avg       0.93      0.93      0.93       861
Accuracy: 0.907 (0.021) 
 Lowest error 0.05499999999999997
 best Thresh 0.913