              precision    recall  f1-score   support

           0       0.97      0.94      0.95       592
           1       1.00      1.00      1.00      3999
           2       0.99      0.81      0.89       237
           3       0.97      0.98      0.97      3997
           4       0.91      0.99      0.95      3994
           5       1.00      1.00      1.00      3917
           6       0.99      0.91      0.95      4027
           7       0.91      0.93      0.92      1016
           9       0.95      1.00      0.97        57

    accuracy                           0.97     21836
   macro avg       0.97      0.95      0.96     21836
weighted avg       0.97      0.97      0.97     21836
Accuracy: 0.961 (0.005) 
 Lowest error 0.19299999999999998
 best Thresh 0.982