              precision    recall  f1-score   support

           0       0.94      0.98      0.96       195
           1       1.00      1.00      1.00       215
           2       1.00      0.96      0.98       188
           3       0.92      0.70      0.79       191
           4       1.00      1.00      1.00       204
           5       0.75      0.84      0.79       204
           6       1.00      1.00      1.00       199
           7       0.91      0.99      0.95       204

    accuracy                           0.94      1600
   macro avg       0.94      0.93      0.93      1600
weighted avg       0.94      0.94      0.93      1600
 
 Lowest error 0.30500000000000005
 best Thresh 0.988