              precision    recall  f1-score   support

           0       0.96      0.95      0.96       109
           2       0.98      0.94      0.96        94
           3       0.98      0.78      0.87       112
           4       0.87      0.93      0.90        86
           5       1.00      1.00      1.00        94
           6       0.92      0.74      0.82       105
           7       0.80      1.00      0.89        92
           8       0.85      1.00      0.92       108
           9       1.00      1.00      1.00        61

    accuracy                           0.92       861
   macro avg       0.93      0.93      0.92       861
weighted avg       0.93      0.92      0.92       861
Accuracy: 0.902 (0.021) 
 Lowest error 0.01800000000000003
 best Thresh 0.825