              precision    recall  f1-score   support

           0       0.98      0.94      0.96       592
           1       1.00      1.00      1.00      3999
           2       1.00      0.87      0.93       237
           4       0.91      1.00      0.95      3997
           5       1.00      1.00      1.00      3994
           6       0.99      0.86      0.92      3917
           7       1.00      1.00      1.00      1034
           8       0.95      1.00      0.98      4009
           9       0.97      1.00      0.98        57

    accuracy                           0.97     21836
   macro avg       0.98      0.96      0.97     21836
weighted avg       0.97      0.97      0.97     21836
Accuracy: 0.966 (0.006) 
 Lowest error 0.35
 best Thresh 0.99