              precision    recall  f1-score   support

           0       0.49      0.26      0.34       527
           1       1.00      1.00      1.00      4426
           2       0.93      0.54      0.69       239
           3       0.99      0.98      0.98      6362
           4       0.97      1.00      0.98     83675
           5       1.00      1.00      1.00     28266
           6       0.99      0.86      0.92     25426
           7       0.92      0.99      0.95     13412
           8       0.00      0.00      0.00        46

    accuracy                           0.97    162379
   macro avg       0.81      0.74      0.76    162379
weighted avg       0.97      0.97      0.97    162379
 
 Lowest error 0.10600000000000001
 best Thresh 0.953