              precision    recall  f1-score   support

           0       0.94      0.97      0.95       107
           1       0.96      0.99      0.97        93
           2       0.93      0.70      0.80       100
           3       0.98      0.62      0.76        80
           4       0.80      0.89      0.84       111
           5       1.00      1.00      1.00        96
           6       0.70      0.78      0.74       102
           7       0.88      1.00      0.94       117
           8       0.90      0.95      0.92        94

    accuracy                           0.89       900
   macro avg       0.90      0.88      0.88       900
weighted avg       0.89      0.89      0.88       900
 
 Lowest error 0.16940789473684212
 best Thresh 0.768