              precision    recall  f1-score   support

           0       0.97      0.94      0.95       574
           1       1.00      1.00      1.00      3994
           3       0.97      0.98      0.97      3936
           4       0.91      0.99      0.95      3953
           5       1.00      1.00      1.00      4020
           6       1.00      0.85      0.92      4005
           7       0.91      0.90      0.91      1109
           8       0.94      1.00      0.97      3966
           9       0.92      1.00      0.96        57

    accuracy                           0.97     25614
   macro avg       0.96      0.96      0.96     25614
weighted avg       0.97      0.97      0.97     25614
Accuracy: 0.959 (0.002) 
 Lowest error 0.27999999999999997
 best Thresh 0.916