              precision    recall  f1-score   support

           0       0.94      0.95      0.95       109
           1       1.00      0.99      0.99        94
           2       0.98      0.83      0.90       112
           3       0.96      0.77      0.85        86
           4       0.82      0.91      0.86        94
           6       0.87      0.74      0.80       105
           7       0.84      1.00      0.91        92
           8       0.85      1.00      0.92       108
           9       1.00      1.00      1.00        61

    accuracy                           0.91       861
   macro avg       0.92      0.91      0.91       861
weighted avg       0.91      0.91      0.91       861
Accuracy: 0.887 (0.016) 
 Lowest error 0.03500000000000002
 best Thresh 0.878