              precision    recall  f1-score   support

           0       1.00      1.00      1.00       195
           1       0.96      0.92      0.94       215
           2       0.98      0.81      0.89       188
           3       0.89      0.94      0.91       191
           4       1.00      1.00      1.00       204
           5       0.85      0.80      0.83       204
           6       0.87      1.00      0.93       199
           7       0.93      0.98      0.95       204

    accuracy                           0.93      1600
   macro avg       0.93      0.93      0.93      1600
weighted avg       0.93      0.93      0.93      1600
 
 Lowest error 0.23099999999999998
 best Thresh 0.953