              precision    recall  f1-score   support

           0       1.00      1.00      1.00      4394
           1       0.93      0.64      0.76       232
           2       0.93      0.98      0.95      6344
           3       0.97      1.00      0.98     83818
           4       1.00      1.00      1.00     28300
           5       0.99      0.86      0.92     25290
           6       0.96      0.62      0.75      1048
           7       0.92      1.00      0.96     13359
           8       0.00      0.00      0.00        63

    accuracy                           0.97    162848
   macro avg       0.86      0.79      0.81    162848
weighted avg       0.97      0.97      0.97    162848
 
 Lowest error 0.19399999999999995
 best Thresh 0.932