              precision    recall  f1-score   support

           0       0.94      0.97      0.95       107
           1       0.99      0.99      0.99        93
           2       0.97      0.87      0.92       100
           3       0.95      0.79      0.86        80
           4       0.84      0.92      0.88       111
           5       1.00      1.00      1.00        96
           6       0.90      0.78      0.84       102
           7       0.89      1.00      0.94       117
           8       0.91      1.00      0.95        94

    accuracy                           0.93       900
   macro avg       0.93      0.92      0.93       900
weighted avg       0.93      0.93      0.93       900
Accuracy: 0.909 (0.030) 
 Lowest error 0.018092105263157895
 best Thresh 0.803