              precision    recall  f1-score   support

           0       0.94      0.97      0.96       195
           1       1.00      1.00      1.00       215
           2       1.00      0.96      0.98       188
           4       0.87      0.94      0.90       191
           5       1.00      1.00      1.00       204
           6       0.96      0.79      0.87       204
           7       1.00      1.00      1.00       199
           8       0.91      1.00      0.95       204

    accuracy                           0.96      1600
   macro avg       0.96      0.96      0.96      1600
weighted avg       0.96      0.96      0.96      1600
Accuracy: 0.946 (0.013) 
 Lowest error 0.29600000000000004
 best Thresh 0.932