              precision    recall  f1-score   support

           1       1.00      0.99      1.00       109
           2       0.98      0.94      0.96        94
           3       0.97      0.78      0.86       112
           4       0.92      0.98      0.95        86
           5       1.00      1.00      1.00        94
           6       0.92      0.74      0.82       105
           7       0.80      1.00      0.89        92
           8       0.85      1.00      0.92       108
           9       1.00      1.00      1.00        61

    accuracy                           0.93       861
   macro avg       0.94      0.94      0.93       861
weighted avg       0.94      0.93      0.93       861
Accuracy: 0.909 (0.025) 
 Lowest error 0.168
 best Thresh 0.877