              precision    recall  f1-score   support

           0       0.91      0.97      0.94       195
           1       1.00      1.00      1.00       215
           2       0.97      0.96      0.97       188
           3       0.97      0.80      0.88       191
           4       0.88      0.89      0.89       204
           5       1.00      1.00      1.00       204
           6       0.97      0.89      0.93       199
           7       0.86      1.00      0.92       204

    accuracy                           0.94      1600
   macro avg       0.94      0.94      0.94      1600
weighted avg       0.94      0.94      0.94      1600
Accuracy: 0.931 (0.017) 
 Lowest error 0.19200000000000003
 best Thresh 0.669