              precision    recall  f1-score   support

           0       0.98      0.94      0.96       592
           1       1.00      1.00      1.00      3999
           2       0.99      0.81      0.90       237
           3       0.97      0.98      0.97      3997
           4       0.91      0.99      0.95      3994
           6       0.99      0.86      0.92      3917
           7       0.91      0.91      0.91      1034
           8       0.95      1.00      0.98      4009
           9       0.95      1.00      0.97        57

    accuracy                           0.96     21836
   macro avg       0.96      0.94      0.95     21836
weighted avg       0.96      0.96      0.96     21836
Accuracy: 0.950 (0.006) 
 Lowest error 0.16500000000000004
 best Thresh 0.98