              precision    recall  f1-score   support

           0       0.95      0.95      0.95       109
           1       0.98      0.85      0.91        94
           2       0.71      0.90      0.80       112
           3       0.82      0.87      0.84        86
           4       0.99      1.00      0.99        94
           5       0.89      0.70      0.79       105
           6       0.91      0.65      0.76        92
           7       0.84      1.00      0.92       108
           8       0.95      1.00      0.98        61

    accuracy                           0.88       861
   macro avg       0.89      0.88      0.88       861
weighted avg       0.89      0.88      0.88       861
 
 Lowest error 0.298
 best Thresh 0.919