              precision    recall  f1-score   support

           0       0.91      0.97      0.94       195
           1       1.00      1.00      1.00       215
           2       0.97      0.96      0.97       188
           3       0.97      0.97      0.97       191
           4       0.88      0.89      0.89       204
           5       1.00      1.00      1.00       204
           6       0.94      0.80      0.86       199
           7       0.92      1.00      0.96       204

    accuracy                           0.95      1600
   macro avg       0.95      0.95      0.95      1600
weighted avg       0.95      0.95      0.95      1600
 
 Lowest error 0.04400000000000002
 best Thresh 0.754