              precision    recall  f1-score   support

           0       0.96      0.95      0.96       109
           1       1.00      0.99      0.99        94
           3       0.97      0.79      0.87       112
           4       0.87      0.93      0.90        86
           5       1.00      1.00      1.00        94
           6       0.99      0.74      0.85       105
           7       0.80      1.00      0.89        92
           8       0.85      1.00      0.92       108
           9       1.00      1.00      1.00        61

    accuracy                           0.93       861
   macro avg       0.94      0.93      0.93       861
weighted avg       0.94      0.93      0.93       861
Accuracy: 0.925 (0.027) 
 Lowest error 0.25299999999999995
 best Thresh 0.891