              precision    recall  f1-score   support

           0       1.00      1.00      1.00       513
           1       0.99      0.86      0.92       487
           2       0.91      0.97      0.94       494
           3       1.00      0.99      1.00       470
           4       0.98      0.78      0.87       518
           5       0.88      1.00      0.94       495
           6       0.88      1.00      0.94       523

    accuracy                           0.94      3500
   macro avg       0.95      0.94      0.94      3500
weighted avg       0.95      0.94      0.94      3500
 
 Lowest error 0.13299999999999998
 best Thresh 0.944