              precision    recall  f1-score   support

           0       1.00      1.00      1.00      4406
           1       0.93      0.97      0.95      6387
           2       0.97      1.00      0.98     83787
           3       1.00      1.00      1.00     28235
           4       1.00      0.85      0.92     25374
           5       0.98      0.62      0.76      1049
           6       0.90      1.00      0.95     13327

    accuracy                           0.97    162565
   macro avg       0.97      0.92      0.94    162565
weighted avg       0.97      0.97      0.97    162565
 
 Lowest error 0.342
 best Thresh 0.967