              precision    recall  f1-score   support

           0       0.94      0.97      0.96       195
           1       1.00      1.00      1.00       215
           3       0.99      0.82      0.90       188
           4       0.86      0.94      0.90       191
           5       1.00      1.00      1.00       204
           6       0.99      0.78      0.88       204
           7       0.87      1.00      0.93       199
           8       0.91      1.00      0.95       204

    accuracy                           0.94      1600
   macro avg       0.95      0.94      0.94      1600
weighted avg       0.95      0.94      0.94      1600
Accuracy: 0.940 (0.011) 
 Lowest error 0.26699999999999996
 best Thresh 0.907