              precision    recall  f1-score   support

           0       0.98      0.72      0.83       195
           1       1.00      1.00      1.00       215
           2       0.97      0.98      0.98       188
           3       0.98      0.80      0.88       191
           4       0.70      0.98      0.82       204
           5       0.99      0.75      0.85       204
           6       0.85      1.00      0.92       199
           7       0.91      1.00      0.95       204

    accuracy                           0.91      1600
   macro avg       0.92      0.90      0.90      1600
weighted avg       0.92      0.91      0.90      1600
 
 Lowest error 0.16999999999999996
 best Thresh 0.859