              precision    recall  f1-score   support

           0       0.93      0.95      0.94       109
           1       0.99      0.99      0.99        94
           2       0.98      0.83      0.90       112
           3       0.97      0.98      0.97        86
           4       0.82      0.90      0.86        94
           5       0.99      1.00      1.00       105
           6       0.85      0.76      0.80        92
           8       0.90      1.00      0.95       108
           9       1.00      1.00      1.00        61

    accuracy                           0.93       861
   macro avg       0.94      0.94      0.93       861
weighted avg       0.93      0.93      0.93       861
Accuracy: 0.912 (0.025) 
 Lowest error 0.007000000000000029
 best Thresh 0.657