              precision    recall  f1-score   support

           0       0.97      0.94      0.95       571
           1       1.00      1.00      1.00      3997
           2       0.99      0.84      0.91       221
           3       0.97      0.97      0.97      3945
           4       0.91      0.99      0.95      4028
           5       1.00      1.00      1.00      3969
           6       0.99      0.86      0.92      3979
           7       0.91      0.91      0.91      1069
           8       0.95      1.00      0.97      3997

    accuracy                           0.97     25776
   macro avg       0.97      0.95      0.95     25776
weighted avg       0.97      0.97      0.97     25776
Accuracy: 0.958 (0.005) 
 Lowest error 0.0674342105263158
 best Thresh 0.91