              precision    recall  f1-score   support

           0       0.51      0.21      0.30       524
           1       1.00      1.00      1.00      4429
           2       0.94      0.54      0.69       240
           3       0.97      0.93      0.95      6368
           4       0.97      1.00      0.98     83554
           5       1.00      1.00      1.00     28319
           6       0.97      0.88      0.92     25302
           7       0.75      0.86      0.80      1023
           8       0.94      0.96      0.95     13570

    accuracy                           0.97    163329
   macro avg       0.89      0.82      0.84    163329
weighted avg       0.97      0.97      0.97    163329
 
 Lowest error 0.30098684210526316
 best Thresh 0.998