              precision    recall  f1-score   support

           0       0.99      0.98      0.98       532
           1       1.00      1.00      1.00       490
           3       0.98      0.82      0.89       491
           4       0.88      0.97      0.92       496
           5       1.00      1.00      1.00       521
           6       0.99      0.80      0.89       505
           7       0.85      1.00      0.92       494
           8       0.93      1.00      0.96       471

    accuracy                           0.95      4000
   macro avg       0.95      0.95      0.95      4000
weighted avg       0.95      0.95      0.95      4000
Accuracy: 0.929 (0.015) 
 Lowest error 0.011513157894736791
 best Thresh 0.802