              precision    recall  f1-score   support

           0       0.96      0.95      0.96       109
           1       1.00      0.99      0.99        94
           2       1.00      0.84      0.91       112
           4       0.81      0.93      0.86        86
           5       1.00      1.00      1.00        94
           6       0.86      0.75      0.80       105
           7       1.00      1.00      1.00        92
           8       0.85      1.00      0.92       108
           9       0.98      1.00      0.99        61

    accuracy                           0.93       861
   macro avg       0.94      0.94      0.94       861
weighted avg       0.94      0.93      0.93       861
Accuracy: 0.918 (0.021) 
 Lowest error 0.27
 best Thresh 0.956