              precision    recall  f1-score   support

           0       1.00      0.72      0.84       109
           1       1.00      0.99      0.99        94
           2       0.95      0.62      0.75       112
           3       0.95      0.73      0.83        86
           4       0.65      0.96      0.77        94
           5       0.64      0.83      0.72       105
           6       0.84      1.00      0.91        92
           7       0.90      0.84      0.87       108
           8       0.98      1.00      0.99        61

    accuracy                           0.84       861
   macro avg       0.88      0.86      0.85       861
weighted avg       0.87      0.84      0.84       861
 
 Lowest error 0.426
 best Thresh 0.933