              precision    recall  f1-score   support

           0       0.93      0.95      0.94       109
           1       1.00      0.99      0.99        94
           2       0.96      0.80      0.87       112
           3       0.88      0.77      0.82        86
           4       0.78      0.80      0.79        94
           5       0.97      1.00      0.99       105
           6       0.85      0.89      0.87        92
           7       0.86      1.00      0.92       108
           8       1.00      1.00      1.00        61

    accuracy                           0.91       861
   macro avg       0.91      0.91      0.91       861
weighted avg       0.91      0.91      0.91       861
 
 Lowest error 0.30699999999999994
 best Thresh 0.946