              precision    recall  f1-score   support

           0       0.93      0.97      0.95       199
           1       0.99      1.00      0.99       216
           2       0.99      0.95      0.97       181
           3       0.98      0.86      0.91       184
           4       0.85      0.92      0.88       196
           5       1.00      1.00      1.00       218
           6       0.97      0.75      0.85       187
           7       0.90      1.00      0.95       210
           8       0.92      1.00      0.96       209

    accuracy                           0.94      1800
   macro avg       0.95      0.94      0.94      1800
weighted avg       0.95      0.94      0.94      1800
Accuracy: 0.934 (0.020) 
 Lowest error 0.04605263157894732
 best Thresh 0.914