              precision    recall  f1-score   support

           0       0.94      0.97      0.95       195
           1       1.00      1.00      1.00       215
           2       0.99      0.80      0.88       188
           3       0.86      0.94      0.90       191
           4       1.00      1.00      1.00       204
           5       0.99      0.75      0.85       204
           6       0.85      1.00      0.92       199
           7       0.88      1.00      0.94       204

    accuracy                           0.93      1600
   macro avg       0.94      0.93      0.93      1600
weighted avg       0.94      0.93      0.93      1600
 
 Lowest error 0.24600000000000002
 best Thresh 0.839