              precision    recall  f1-score   support

           0       0.51      0.32      0.39       538
           1       0.93      0.57      0.71       222
           2       0.91      0.98      0.94      6297
           3       0.97      1.00      0.98     83775
           4       1.00      1.00      1.00     28226
           5       0.99      0.86      0.92     25369
           6       0.97      0.56      0.71      1095
           7       0.92      0.99      0.95     13397
           8       0.00      0.00      0.00        61

    accuracy                           0.97    158980
   macro avg       0.80      0.70      0.73    158980
weighted avg       0.97      0.97      0.97    158980
 
 Lowest error 0.261
 best Thresh 0.996