              precision    recall  f1-score   support

           0       0.89      0.99      0.94       195
           1       0.99      1.00      1.00       215
           2       0.91      0.99      0.95       188
           3       0.97      0.80      0.88       191
           4       0.89      0.81      0.85       204
           5       1.00      1.00      1.00       204
           6       0.97      0.86      0.91       199
           7       0.86      1.00      0.92       204

    accuracy                           0.93      1600
   macro avg       0.94      0.93      0.93      1600
weighted avg       0.94      0.93      0.93      1600
 
 Lowest error 0.30399999999999994
 best Thresh 0.883