              precision    recall  f1-score   support

           0       1.00      1.00      1.00      1020
           1       0.96      0.96      0.96      1010
           2       0.91      0.98      0.95       991
           3       1.00      1.00      1.00       969
           4       0.96      0.87      0.91      1016
           5       0.96      0.97      0.96      1005
           6       0.96      0.96      0.96       989

    accuracy                           0.96      7000
   macro avg       0.96      0.96      0.96      7000
weighted avg       0.96      0.96      0.96      7000
 
 Lowest error 0.25299999999999995
 best Thresh 0.908