              precision    recall  f1-score   support

           0       0.98      0.95      0.96       592
           2       1.00      0.86      0.93       221
           3       0.97      0.97      0.97      4015
           4       0.91      0.99      0.95      3997
           5       1.00      1.00      1.00      3994
           6       0.99      0.86      0.92      3917
           7       0.90      0.91      0.90      1034
           8       0.95      1.00      0.98      4009
           9       0.97      1.00      0.98        57

    accuracy                           0.96     21836
   macro avg       0.96      0.95      0.96     21836
weighted avg       0.96      0.96      0.96     21836
Accuracy: 0.951 (0.006) 
 Lowest error 0.08599999999999998
 best Thresh 0.908