              precision    recall  f1-score   support

           0       0.99      0.92      0.96       513
           1       0.97      0.92      0.94       487
           2       0.84      0.97      0.90       494
           3       1.00      0.99      0.99       470
           4       0.99      0.80      0.89       518
           5       0.93      0.98      0.95       495
           6       0.90      1.00      0.95       523

    accuracy                           0.94      3500
   macro avg       0.95      0.94      0.94      3500
weighted avg       0.95      0.94      0.94      3500
 
 Lowest error 0.30100000000000005
 best Thresh 0.989