              precision    recall  f1-score   support

           0       0.99      0.95      0.97       532
           1       1.00      1.00      1.00       490
           2       0.81      1.00      0.90       491
           3       0.86      0.97      0.91       496
           4       1.00      1.00      1.00       521
           5       0.86      0.86      0.86       505
           6       1.00      0.79      0.88       494
           7       0.98      0.86      0.91       471

    accuracy                           0.93      4000
   macro avg       0.94      0.93      0.93      4000
weighted avg       0.94      0.93      0.93      4000
 
 Lowest error 0.17105263157894737
 best Thresh 0.831