              precision    recall  f1-score   support

           0       0.94      0.97      0.96       195
           2       0.99      0.93      0.96       215
           3       0.99      0.82      0.90       188
           4       0.87      0.94      0.90       191
           5       1.00      1.00      1.00       204
           6       0.91      0.78      0.84       204
           7       0.87      1.00      0.93       199
           8       0.91      1.00      0.95       204

    accuracy                           0.93      1600
   macro avg       0.93      0.93      0.93      1600
weighted avg       0.93      0.93      0.93      1600
Accuracy: 0.923 (0.013) 
 Lowest error 0.009999999999999972
 best Thresh 0.65