              precision    recall  f1-score   support

           0       1.00      1.00      1.00      4386
           1       0.99      0.97      0.98      6355
           2       0.97      1.00      0.98     83790
           3       1.00      1.00      1.00     28323
           4       1.00      0.85      0.92     25353
           5       0.91      1.00      0.95     13347

    accuracy                           0.97    161554
   macro avg       0.98      0.97      0.97    161554
weighted avg       0.98      0.97      0.97    161554
 
 Lowest error 0.16899999999999998
 best Thresh 0.99