              precision    recall  f1-score   support

           0       1.00      0.99      1.00       513
           1       1.00      1.00      1.00       487
           2       1.00      0.82      0.90       494
           3       1.00      1.00      1.00       470
           4       0.99      0.86      0.92       518
           5       0.85      1.00      0.92       495
           6       0.89      1.00      0.94       523

    accuracy                           0.95      3500
   macro avg       0.96      0.95      0.95      3500
weighted avg       0.96      0.95      0.95      3500
 
 Lowest error 0.10400000000000002
 best Thresh 0.951