              precision    recall  f1-score   support

           0       0.96      0.95      0.96       109
           1       0.99      0.99      0.99        94
           2       0.61      0.88      0.72       112
           3       0.68      0.92      0.78        86
           4       1.00      1.00      1.00        94
           5       0.71      0.05      0.09       105
           6       1.00      1.00      1.00        92
           7       0.85      0.99      0.91       108
           8       1.00      1.00      1.00        61

    accuracy                           0.85       861
   macro avg       0.87      0.86      0.83       861
weighted avg       0.86      0.85      0.81       861
 
 Lowest error 0.20900000000000002
 best Thresh 0.671