              precision    recall  f1-score   support

           0       0.95      0.99      0.97       513
           1       1.00      1.00      1.00       487
           2       0.98      1.00      0.99       494
           3       0.90      0.94      0.92       470
           4       1.00      1.00      1.00       518
           5       0.96      0.80      0.88       495
           6       0.91      0.98      0.94       523

    accuracy                           0.96      3500
   macro avg       0.96      0.96      0.96      3500
weighted avg       0.96      0.96      0.96      3500
 
 Lowest error 0.08700000000000002
 best Thresh 0.917