              precision    recall  f1-score   support

           1       1.00      1.00      1.00      4029
           2       0.99      0.81      0.89       227
           3       0.96      0.98      0.97      3958
           4       0.92      0.99      0.95      4027
           5       1.00      1.00      1.00      3987
           6       0.99      0.85      0.92      3991
           7       0.91      0.90      0.90      1048
           8       0.94      1.00      0.97      3973
           9       0.93      1.00      0.96        54

    accuracy                           0.97     25294
   macro avg       0.96      0.95      0.95     25294
weighted avg       0.97      0.97      0.96     25294
Accuracy: 0.958 (0.004) 
 Lowest error 0.18100000000000002
 best Thresh 0.962