              precision    recall  f1-score   support

           0       0.90      0.97      0.94       195
           1       1.00      1.00      1.00       215
           2       0.97      0.96      0.97       188
           3       0.98      0.80      0.88       191
           4       0.87      0.89      0.88       204
           6       0.96      0.78      0.86       204
           7       0.85      1.00      0.92       199
           8       0.91      1.00      0.95       204

    accuracy                           0.93      1600
   macro avg       0.93      0.93      0.93      1600
weighted avg       0.93      0.93      0.93      1600
Accuracy: 0.916 (0.013) 
 Lowest error 0.03700000000000001
 best Thresh 0.885