              precision    recall  f1-score   support

           0       1.00      0.97      0.99       109
           1       1.00      0.99      0.99        94
           2       0.91      0.83      0.87       112
           3       0.86      0.76      0.80        86
           4       1.00      1.00      1.00        94
           5       0.87      0.70      0.77       105
           6       0.84      1.00      0.91        92
           7       0.81      1.00      0.89       108
           8       0.98      1.00      0.99        61

    accuracy                           0.91       861
   macro avg       0.92      0.92      0.91       861
weighted avg       0.92      0.91      0.91       861
 
 Lowest error 0.191
 best Thresh 0.826